0 47 6
1 145 4
4 43 6
5 169 2
6 12 9
7 52 5
8 187 3
9 37 5
10 71 4
11 76 3
13 129 3
15 94 2
17 95 2
20 55 3
21 191 3
22 156 2
23 177 2
26 144 4
27 107 4
28 130 2
29 89 2
30 62 4
31 81 2
32 168 2
33 44 2
34 102 7
35 139 3
36 158 5
38 182 2
39 72 5
40 205 2
42 135 4
45 58 2
46 51 2
48 90 3
53 166 5
54 110 2
56 65 4
57 101 4
59 162 2
63 120 2
64 167 5
66 93 2
67 134 4
68 195 3
69 176 4
70 85 4
74 121 4
75 154 4
77 194 3
78 137 5
79 164 7
80 155 4
82 88 2
83 91 7
92 116 2
96 200 2
97 171 2
98 198 2
99 209 2
100 189 2
103 174 6
106 175 6
108 127 3
109 173 3
111 172 3
114 199 2
115 147 7
122 124 4
125 157 4
126 186 3
128 138 3
131 165 4
132 188 4
133 201 4
143 163 4
146 181 2
159 178 3
180 208 2
183 184 2
190 207 3
totalweight =  282
0.024235
