0 65 2
1 100 4
2 70 7
3 35 2
6 119 3
7 85 3
8 145 2
9 41 6
10 199 4
11 71 4
12 128 3
13 141 9
14 126 6
15 111 2
16 38 8
17 166 4
18 79 2
19 28 6
20 117 4
21 106 6
22 158 7
23 116 7
24 197 3
25 44 6
26 53 3
27 74 3
29 72 6
30 125 3
31 75 3
32 160 2
33 205 3
34 43 4
37 52 3
39 202 4
40 163 6
42 201 3
45 101 5
46 130 3
47 176 7
54 212 2
55 64 2
56 61 3
57 76 2
58 92 2
59 99 2
60 115 3
62 86 3
63 142 3
66 208 2
67 190 3
68 132 6
69 157 3
73 198 4
77 168 3
81 169 3
82 84 5
83 94 3
87 97 3
88 93 2
89 174 2
90 96 2
95 173 3
98 139 2
102 138 4
103 175 3
105 203 3
107 133 4
108 189 2
109 161 2
114 124 4
127 135 8
131 156 3
134 177 4
140 162 6
143 172 2
144 211 2
154 171 3
155 186 3
159 167 4
180 200 3
totalweight =  296
0.026619
