0 195 6
1 124 6
2 37 7
3 249 7
4 29 13
5 148 6
8 90 10
9 178 4
11 244 3
12 256 2
14 312 4
15 86 4
16 176 6
17 31 10
18 282 4
19 208 3
20 302 4
21 114 4
22 215 6
23 51 6
25 160 4
26 267 4
27 170 4
28 106 6
30 137 9
34 200 7
35 59 4
36 266 4
38 257 2
39 69 5
40 107 6
41 283 4
42 125 6
43 151 6
44 173 4
45 174 6
46 259 6
47 237 4
48 159 6
49 305 6
50 158 4
52 222 6
53 252 4
56 163 3
57 63 4
58 273 3
60 299 4
61 224 6
62 79 2
64 118 3
67 177 2
68 83 5
70 156 6
71 304 6
72 248 7
73 175 6
74 309 4
75 270 2
76 245 3
78 284 2
80 275 3
81 235 3
82 168 2
87 272 3
88 131 4
89 191 4
91 138 6
92 241 3
93 141 2
94 315 3
96 232 7
97 264 4
98 134 4
99 149 4
100 293 4
101 157 6
102 189 4
103 310 4
104 181 4
105 171 4
109 153 2
115 287 4
116 123 2
117 239 3
121 202 6
122 187 4
126 145 2
127 197 3
129 234 3
130 188 4
132 313 4
133 223 2
135 211 2
136 162 3
139 260 6
142 230 4
143 204 3
144 254 3
146 172 3
147 205 3
154 165 3
155 242 3
164 213 3
169 265 4
179 292 4
180 201 4
182 214 4
183 246 3
186 285 2
190 221 2
194 271 4
198 210 3
203 253 4
209 212 3
217 227 2
220 286 4
225 238 2
226 276 2
229 268 3
231 274 2
233 308 2
255 307 3
261 303 4
262 279 4
289 296 2
totalweight =  520
0.057987
