0 42 6
1 126 9
2 168 5
3 96 3
4 113 7
5 124 4
6 303 2
7 236 2
8 45 5
9 218 2
10 227 2
11 110 4
12 171 4
13 280 4
14 226 4
15 152 7
17 213 2
18 145 3
19 238 3
20 77 6
21 257 6
22 103 11
23 175 6
24 58 7
26 251 2
27 142 5
30 364 2
31 133 4
32 94 7
33 217 3
34 76 6
35 174 6
36 228 3
37 125 7
38 84 7
39 88 4
40 307 5
41 146 5
43 176 5
44 75 4
46 182 3
47 244 3
48 317 3
49 302 5
50 56 4
51 104 5
52 359 3
54 330 4
55 250 4
57 352 2
59 140 2
62 108 7
63 288 5
64 215 3
65 95 3
66 277 4
67 74 4
68 267 4
69 212 4
70 83 9
71 158 6
72 381 2
73 143 2
78 224 2
79 290 3
80 202 3
81 253 5
82 333 5
85 150 2
86 114 4
87 265 4
89 306 3
90 222 2
91 160 5
92 164 4
93 151 4
97 331 3
98 116 6
99 256 4
100 134 3
101 340 2
102 332 7
105 147 5
106 230 3
107 239 2
109 112 4
111 299 2
117 327 4
118 335 3
119 369 2
120 329 3
121 154 3
122 180 6
123 233 7
127 128 4
129 310 4
130 206 5
131 208 3
132 260 4
135 285 3
136 169 3
141 358 3
144 372 2
148 197 3
149 281 2
153 301 4
155 339 2
156 184 3
157 278 3
159 229 4
162 328 5
163 196 3
165 293 4
166 312 3
170 237 5
177 292 3
178 371 2
179 181 9
183 353 3
185 259 3
188 258 3
189 214 3
190 243 3
191 289 2
192 273 3
193 266 3
195 321 2
198 348 2
199 232 5
204 264 4
207 242 3
209 240 2
210 231 3
219 261 2
220 282 3
223 337 3
225 255 4
245 334 5
252 362 2
254 367 4
270 279 3
271 295 4
272 313 3
274 294 2
283 318 3
291 365 3
298 311 2
300 360 2
326 373 2
338 379 2
totalweight =  574
0.084762
