0 159 4
1 94 5
2 185 4
3 129 4
4 26 7
5 142 3
6 193 4
7 54 4
8 69 3
9 118 4
10 90 5
12 183 2
13 156 2
15 149 3
16 72 4
17 203 4
18 124 4
19 78 2
20 164 4
21 45 2
22 108 5
23 53 5
24 191 5
25 39 6
27 52 7
28 106 2
29 215 2
30 154 2
31 109 2
33 190 3
35 66 3
36 127 3
37 85 2
38 180 3
40 74 4
41 73 4
42 44 2
43 88 4
46 157 2
47 143 3
48 122 3
49 172 3
50 137 4
51 178 3
55 70 6
56 135 2
58 125 4
59 184 4
60 101 3
61 103 2
62 151 4
63 84 6
64 114 4
65 98 4
68 104 3
71 197 2
75 115 4
76 111 3
86 202 4
87 89 4
91 148 3
92 113 2
93 130 6
95 119 4
96 107 2
97 116 3
100 146 5
102 176 7
105 144 3
112 166 2
117 134 3
123 147 3
126 177 5
128 140 2
131 189 2
132 179 3
133 181 3
136 169 2
138 199 3
139 212 2
141 205 3
145 187 3
152 204 3
153 188 6
158 186 4
162 165 2
167 182 2
totalweight =  303
0.02674
