0 50 4
1 65 6
2 36 9
3 214 5
4 233 6
5 135 6
6 91 6
7 287 2
8 15 8
9 140 7
10 16 8
11 138 4
12 241 5
13 169 3
14 47 8
17 108 8
18 66 2
19 276 5
20 256 4
21 238 6
22 49 6
23 303 3
24 35 2
25 104 2
26 195 4
27 329 2
28 272 5
30 227 2
32 55 3
33 67 6
34 306 2
37 229 4
38 193 3
39 288 3
40 170 6
41 239 4
42 125 7
43 220 7
44 64 4
46 263 3
48 236 5
51 139 6
52 161 2
53 160 7
54 275 2
56 127 4
57 228 6
58 319 2
59 133 4
60 278 4
61 105 2
62 119 11
63 243 6
69 130 6
70 248 2
71 176 4
72 244 2
73 75 6
74 282 6
76 232 6
77 237 5
78 225 5
79 209 2
80 146 9
81 164 4
83 103 2
84 131 6
86 154 4
87 257 4
88 295 3
89 158 3
90 268 2
92 149 4
93 137 4
96 242 6
97 231 3
100 152 3
101 307 2
102 198 4
106 192 9
107 203 3
109 123 6
110 150 3
111 217 7
112 147 4
113 283 6
116 118 9
117 200 5
121 189 3
122 134 6
124 277 2
126 148 4
128 317 2
129 230 3
132 163 6
136 188 2
141 155 7
151 284 3
157 172 3
162 318 2
165 207 7
166 185 3
167 311 3
168 183 3
171 216 7
173 219 3
177 286 5
182 285 7
184 218 2
186 302 3
187 280 3
190 224 5
191 279 2
194 281 5
199 212 4
201 310 3
202 292 3
206 240 3
208 296 5
221 297 2
226 299 2
246 312 2
247 293 4
249 251 2
252 289 4
254 308 3
267 309 4
294 314 5
313 316 2
315 328 2
totalweight =  561
0.063788
