0 134 7
1 131 6
2 136 3
3 130 6
4 101 5
5 185 7
6 165 6
7 27 8
8 80 7
9 73 10
10 35 4
11 120 4
12 164 6
13 114 11
14 63 5
15 148 9
16 41 6
17 95 6
18 109 9
19 87 10
20 153 6
21 42 9
22 59 6
23 146 6
24 147 6
25 72 13
26 28 8
29 108 6
30 96 5
31 97 4
32 40 10
33 70 4
34 52 2
36 122 3
37 64 6
38 118 3
39 158 6
43 89 4
44 78 3
45 85 5
46 132 2
47 133 2
49 106 4
50 81 4
51 154 2
53 191 3
54 94 6
55 83 2
56 180 4
57 168 3
60 77 9
61 110 9
62 184 5
65 152 9
66 137 5
67 125 3
71 74 6
75 123 7
76 88 6
79 100 3
82 181 2
84 141 3
86 149 5
90 103 5
92 193 2
93 121 4
99 169 3
102 194 3
104 142 2
111 159 6
112 119 3
113 115 7
124 195 3
135 192 2
140 175 3
155 174 3
173 187 2
totalweight =  402
0.025519
